200295721
400591441
600887161
801182881
---------------
400836613
801673225
---------------
401916241
803832481
---------------
134103061
268206121
402309181
536412241
670515301
804618361
938721421
---------------
402849811
805699621
---------------
403390801
806781601
---------------
201867625
403735249
605602873
807470497
---------------
404523103
809046205
---------------
202705189
405410377
608115565
810820753
---------------
101599345
203198689
304798033
406397377
507996721
609596065
711195409
812794753
914394097
---------------
407088991
814177981
---------------
203841145
407682289
611523433
815364577
---------------
136075501
272151001
408226501
544302001
680377501
816453001
952528501
---------------
408820621
817641241
---------------
204633241
409266481
613899721
818532961
---------------
410704693
821409385
---------------
411897025
823794049
---------------
412493821
824987641
---------------
206669989
413339977
620009965
826679953
---------------
413987617
827975233
---------------
414585937
829171873
---------------
415484161
830968321
---------------
104033353
208066705
312100057
416133409
520166761
624200113
728233465
832266817
936300169
---------------
