49019
49031
200295721
400591441
600887161
801182881
---------------
49037
49043
400836613
801673225
---------------
49103
49109
401916241
803832481
---------------
49121
49139
134103061
268206121
402309181
536412241
670515301
804618361
938721421
---------------
49157
49169
402849811
805699621
---------------
49193
49199
403390801
806781601
---------------
49211
49223
201867625
403735249
605602873
807470497
---------------
49253
49277
404523103
809046205
---------------
49307
49331
202705189
405410377
608115565
810820753
---------------
49367
49391
101599345
203198689
304798033
406397377
507996721
609596065
711195409
812794753
914394097
---------------
49409
49433
407088991
814177981
---------------
49451
49463
203841145
407682289
611523433
815364577
---------------
49481
49499
136075501
272151001
408226501
544302001
680377501
816453001
952528501
---------------
49523
49529
408820621
817641241
---------------
49547
49559
204633241
409266481
613899721
818532961
---------------
49613
49667
410704693
821409385
---------------
49697
49727
411897025
823794049
---------------
49739
49757
412493821
824987641
---------------
49787
49811
206669989
413339977
620009965
826679953
---------------
49823
49853
413987617
827975233
---------------
49871
49877
414585937
829171873
---------------
49919
49937
415484161
830968321
---------------
49943
49991
104033353
208066705
312100057
416133409
520166761
624200113
728233465
832266817
936300169
---------------
