[49019]
[49031]
[29, 73, 94613]
[113, 3545057]
[7, 97, 884959]
[379, 2113939]
[49037]
[49043]
[400836613]
[5, 73, 439273]
[49103]
[49109]
[401916241]
[803832481]
[49121]
[49139]
[691, 194071]
[71, 3777551]
[1801, 223381]
[536412241]
[19, 47, 750857]
[23, 31, 1128497]
[11, 85338311]
[49157]
[49169]
[7, 13, 71, 62351]
[107, 7529903]
[49193]
[49199]
[11, 47, 780253]
[313, 701, 3677]
[49211]
[49223]
[5, 241, 6701]
[403735249]
[1153, 525241]
[1321, 611257]
[49253]
[49277]
[23, 17587961]
[5, 11, 29, 17491]
[49307]
[49331]
[41, 4944029]
[405410377]
[5, 121623113]
[283, 2865091]
[49367]
[49391]
[5, 20319869]
[347, 585587]
[29, 89, 118093]
[5501, 73877]
[31, 103, 159097]
[5, 13, 389, 24109]
[711195409]
[812794753]
[43, 21264979]
[49409]
[49433]
[283, 1438477]
[769, 1058749]
[49451]
[49463]
[5, 29, 1405801]
[7, 58240327]
[353, 1732361]
[815364577]
[49481]
[49499]
[136075501]
[2689, 101209]
[408226501]
[544302001]
[10463, 65027]
[7, 13, 503, 17837]
[19, 83, 604013]
[49523]
[49529]
[11, 157, 236723]
[817641241]
[49547]
[49559]
[3413, 59957]
[13, 31482037]
[19687, 31183]
[233, 3513017]
[49613]
[49667]
[7, 97, 604867]
[5, 293, 560689]
[49697]
[49727]
[5, 73, 225697]
[13, 59, 82619]
[49739]
[49757]
[347, 1031, 1153]
[824987641]
[49787]
[49811]
[206669989]
[131, 3155267]
[5, 23, 701, 7691]
[11, 75152723]
[49823]
[49853]
[43, 457, 21067]
[37, 71, 315179]
[49871]
[49877]
[191, 2170607]
[23, 173, 208387]
[49919]
[49937]
[3613, 114997]
[830968321]
[49943]
[49991]
[17, 29, 12413]
[5, 7, 11, 540433]
[379, 823483]
[503, 827303]
[67, 7763683]
[41, 15224393]
[5, 5009, 29077]
[79, 10535023]
[7, 23, 5815529]
